000100100100000000000000000000000000000000000000000000000
000000100100000110000100000100000000000100000000000000000
011110111011000000000001100010000000000110110000000000000
011110110001000000000001100010000000000110110000000000000
000110101000000000000000000000000000000000000000000000000
000000100100000110000100000100000000000100000000000010000
010000110011000000000001100010000000000110110000000000011
010000101111000000000001100010000000000110110000000000011
000001001011000000000000000100000000001000000000000110000
000000100100000110000000000100000000000100000000000100000
001001010100000000000010000000000000000000001100000000000
001001010100000000000010000000000000000000001100000000000
000000100100000001000000000000000010000110000000000000000
000000100100000110000000000000001000000100000000000000000
000000100100000100000000000010000000000001010000000000001
000001000011000000000000000010000000000000000000000000000
000010100000000000000000000000000000000000000000000001110
000010100010000000000000000000000000000000000000000001100
001101010111000001100001110000000000000000000000000000000
001101010111000001100001110000000000000000000000000000000
000000100100000101000000010000000010010110000000000000000
000000100100000101000000010000000010010001100000000000001
000000100100000001000000000000000010000001000000000000001
000000100000100000000000000100000000000000000000000110010
000000100010100000000000000100000000000000000000000110000
000010110010100000000000000000000000000000000000000001010
000000000000000000000000000000000000000000000000000000000
000000100100000110000100001000000000000000000000000000010
100000000000001000000000000000000000000000000000000000000
000010111010100000000000000000000000000000000000000001000
000010111100100000000000000000000000000000000000000001010
000000100100000110000100001000000000000000000000000000000
000000111000010000000000001000000000000000000000000000010
000011000010100100000000010000000000010000000000000001010
000000100100000100010000000000100000101000000000000000000
000000100100000001000000001000000001000000000000000000010
000000000000000000000000000000000000000000000000000000000
000011001010100000000000000000000000000000000000000001010
000000000000000000000000000000000000000000000000000000000
000001010000000001000000001000000001000000000000000000010
000001101011000100000000000100000000101000000000010000000
000000000000000000000000000000000000000000000000000000000
000001011001000100000000000100000000101000000000110000000
001110111100000000000000000000000000000000000000000000000
000011011000000000000000000000000000000000000000000001110
000001011110100000000000000000010000000000000000000000010
000001011011000100000000000100000000101000000000110000000
000011011110000000000000000000000000000000000000001001110
000011100000100000000000000000000000000000000000000001010
000001100001000000010000000000000000001000000000001000000
000000100100000001000000001000000001000000000000000000010
001001010100100000000010000000000100000000000100000000010
000000000000000000000000000000000000000000000000000000000
000011101010100000000000000000000000000000000000000001010
001000100100000100000000000100000000101000000000010000000
000001101100000000000100001000000000000000000001000000010
000000000000000000000000000000000000000000000000000000000
000000000000000000000000000000000000000000000000000000000
000001010100000100001100000001000000101000000010000110000
000000000000000000000000000000000000000000000000000000000
000000000000000000000000000000000000000000000000000000000
000000000000000000000000000000000000000000000000000000000
001001010100100000000010000000000100000000001000000000010
000000000000000000000000000000000000000000000000000000000