000010010010000000000000000000000000000000000000000000000000000000
000000010010000011000010000000000100000000000100000000000000000000
010111011010100000000000001010100010000000000110110000000000000000
010111011010100000000000001010100010000000000110110000000000000100
000011010100000000000000000000000000000000000000000000000000000000
000000010010000011000010000000000100000000000100000000000001000000
010000011010100000000000001010100010000000000110110000000000000011
010000011010100000000000001010100010000000000110110000000000000111
000000011010100000000000000010100100000000001000000000000011000010
000000010010000011000000000000000100000000000100000000000010000000
000100101010000000000001000000000000000000000000001100000000000000
000100101010000000000001000000000000000000000000001100000000000000
000000010010000000100000000000000000000010000110000000000000000000
000000010010000011000000000000000000001000000100000000000000000000
000000010010000010000000000000000010000000000001010000000000000001
000000011010100000000000000010100010000000000000000000000000000010
000001010000000000000000000000000000000000000000000000000000001110
000001010001000000000000000000000000000000000000000000000000001100
000110101011100000110000001000010000000000000000000000000000000000
000110101011100000110000001000010000000000000000000000000000000000
000000010010000010100000000000010000000010010110000000000000000000
000000010010000010100000000000010000000010010001100000000000000001
000000010010000000100000000000000000000010000001000000000000000001
000000010000010000000000000000000100000000000000000000000011000010
000000010001010000000000000000000100000000000000000000000011000000
000001011001010000000000000000000000000000000000000000000000001010
000000111001100000000000000101000000000000000000000000001000000000
000000010010000011000010000000001000000000000000000000000000000010
100000000000000100000000000000000000000000000000000000000000000000
000001011101010000000000000000000000000000000000000000000000001000
000001011110010000000000000000000000000000000000000000000000001010
000000010010000011000010000000001000000000000000000000000000000000
000000011100001000000000000000001000000000000000000000000000000010
000001100001010010000000000000010000000000010000000000000000001010
000000010010000010001000000000000000100000101000000000000000000000
000000010010000000100000000000001000000001000000000000000000000010
000000000000000000000000000000000000000000000000000000000000000000
000001100101010000000000000000000000000000000000000000000000001010
000000000000000000000000000000000000000000000000000000000000000000
000000101000000000100000000000001000000001000000000000000000000010
000000011010100010000000000010100100000000101000000000010000000010
000000000000000000000000000000000000000000000000000000000000000000
000000011010100010000000000010100100000000101000000000110000000110
010111011010000000000000000010100000000000000000000000000000000010
000001101100000000000000000000000000000000000000000000000000001110
000000101111010000000000000000100000010000000000000000000000000110
000000011010100010000000000010000100000000101000000000110000000000
000001101111000000000000000000000000000000000000000000000000001110
000001110000010000000000000000000000000000000000000000000000001010
000000011010100000001000000010100000000000001000000000000100000010
000000010010000000100000000000001000000001000000000000000000000010
000100101010010000000001000000000000000100000000000100000000000010
000000000000000000000000000000000000000000000000000000000000000000
000001110101010000000000000000000000000000000000000000000000001010
000100010010000010000000000000000100000000101000000000010000000000
000000110110000000000010000000001000000000000000000001000000000010
000000000000000000000000000000000000000000000000000000000000000000
010001111001010000000000110000000000000000000000000000000000001010
000000101010000010000110000000000001000000101000000010000011000000
000000111101010000000000000000000000000000000000000000000000100000
000000000000000000000000000000000000000000000000000000000000000000
000001111101000000000000000000000000000000000000000000000000001100
000100101010010000000001000000000000000100000000001000000000000010
001000000000110000000000000000000000000000000000000000001100010000